[pic1 (2).jpg]
filters=finetune2=1,0.380117,0.109474,0.072982,00000000,0.000000;
moddate=01019bebd43ed801
width=1602
height=3166
textactive=0
